group9.txt
0.02	16.75	
0.25	16.75	
0.48	16.75	
0.71	16.75	
0.94	16.75	
1.17	16.75	
1.40	16.75	
1.63	16.75	
1.86	16.75	
2.09	16.75	
2.32	16.75	
2.55	16.75	
2.78	16.75	
3.01	16.75	
3.23	16.75	
3.46	16.75	
3.69	16.75	
3.92	16.75	
4.15	16.75	
4.38	16.50	
4.61	16.50	
4.84	16.50	
5.07	16.50	
5.30	16.50	
5.53	16.50	
5.76	16.50	
5.99	16.50	
6.22	16.50	
6.45	16.50	
6.68	16.50	
6.91	16.50	
7.14	16.50	
7.36	16.50	
7.59	16.50	
7.82	16.50	
8.05	16.50	
8.28	16.50	
8.51	16.50	
8.74	16.50	
8.98	16.50	
9.20	16.50	
9.43	16.50	
9.66	16.50	
9.89	16.50	
10.12	16.50	
10.35	16.50	
10.58	16.50	
10.81	16.25	
11.04	16.25	
11.27	16.25	
11.50	16.25	
11.73	16.25	
11.96	16.25	
12.19	16.25	
12.41	16.25	
12.65	16.25	
12.87	16.25	
13.10	16.25	
13.33	16.25	
13.56	16.50	
13.79	17.25	
14.02	18.25	
14.25	19.50	
14.48	20.50	
14.71	21.75	
14.94	23.00	
15.17	24.00	
15.40	25.00	
15.63	26.00	
15.85	27.00	
16.08	27.75	
16.31	28.50	
16.54	29.25	
16.77	29.75	
17.00	30.50	
17.23	31.00	
17.47	31.50	
17.69	32.25	
17.92	32.75	
18.15	33.00	
18.38	33.50	
18.61	34.00	
18.84	34.25	
19.07	34.75	
19.30	35.00	
19.53	35.25	
19.76	35.75	
19.99	36.00	
20.22	36.25	
20.44	36.50	
20.67	36.75	
20.90	37.00	
21.13	37.25	
21.36	37.25	
21.59	37.50	
21.82	37.75	
22.05	38.00	
22.28	38.00	
22.51	38.25	
22.74	38.50	
22.97	38.50	
23.19	38.75	
23.42	39.00	
23.65	39.00	
23.88	39.25	
24.11	39.25	
24.34	39.50	
24.57	39.75	
24.80	39.75	
25.03	40.00	
25.26	40.00	
25.49	40.25	
25.72	40.25	
25.95	40.50	
26.18	40.50	
26.41	40.50	
26.64	40.75	
26.87	40.75	
27.09	41.00	
27.32	41.00	
27.55	41.00	
27.78	41.25	
28.01	41.25	
28.24	41.50	
28.47	41.50	
28.70	41.50	
28.93	41.75	
29.16	41.75	
29.39	41.75	
29.61	41.75	
29.84	42.00	
30.07	42.00	
30.30	42.00	
30.53	42.25	
30.76	42.25	
30.99	42.25	
31.22	42.25	
31.45	42.50	
31.68	42.50	
31.91	42.50	
32.14	42.50	
32.37	42.75	
32.59	42.75	
32.82	42.75	
33.05	42.75	
33.28	43.00	
33.51	43.00	
33.74	43.00	
33.97	43.00	
34.20	43.25	
34.43	43.25	
34.66	43.25	
34.89	43.25	
35.12	43.25	
35.35	43.50	
35.58	43.50	
35.81	43.50	
36.04	43.50	
36.26	43.50	
36.49	43.75	
36.72	43.75	
36.95	43.75	
37.18	43.75	
37.41	43.75	
37.64	43.75	
37.87	43.75	
38.10	44.00	
38.33	44.00	
38.56	44.00	
38.78	44.00	
39.01	44.00	
39.24	44.00	
39.47	44.00	
39.70	44.25	
39.93	44.25	
40.16	44.25	
40.39	44.25	
40.62	44.25	
40.85	44.25	
41.08	44.25	
41.31	44.25	
41.53	44.50	
41.76	44.50	
41.99	44.50	
42.22	44.50	
42.45	44.50	
42.69	44.50	
42.91	44.50	
43.14	44.50	
43.37	44.50	
43.60	44.75	
43.83	44.75	
44.06	44.75	
44.29	44.75	
44.52	44.75	
44.75	44.75	
44.98	44.75	
45.21	44.75	
45.43	44.75	
45.66	44.75	
45.89	44.75	
46.12	44.75	
46.35	45.00	
46.58	45.00	
46.81	45.00	
47.04	45.00	
47.27	45.00	
47.50	45.00	
47.73	45.00	
47.96	45.00	
48.18	45.00	
48.41	45.00	
48.64	45.00	
48.87	45.00	
49.10	45.00	
49.33	45.00	
49.56	45.25	
49.79	45.25	
50.02	45.25	
50.25	45.25	
50.47	45.25	
50.71	45.25	
50.94	45.25	
51.17	45.25	
51.40	45.25	
51.63	45.25	
51.85	45.25	
52.08	45.25	
52.31	45.25	
52.54	45.25	
52.77	45.25	
53.00	45.25	
53.23	45.25	
53.46	45.50	
53.69	45.50	
53.92	45.50	
54.15	45.50	
54.38	45.50	
54.60	45.50	
54.83	45.50	
55.06	45.50	
55.29	45.50	
55.52	45.50	
55.75	45.50	
55.98	45.50	
56.21	45.50	
56.44	45.50	
56.67	45.50	
56.90	45.50	
57.13	45.50	
57.35	45.50	
57.58	45.50	
57.81	45.50	
58.04	45.50	
58.27	45.50	
58.50	45.50	
58.73	45.50	
58.96	45.50	
59.19	45.75	
59.42	45.75	
59.65	45.75	
59.88	45.75	
60.11	45.75	
60.34	45.75	
60.57	45.75	
60.80	45.75	
61.03	45.75	
61.25	45.75	
61.48	45.75	
61.71	45.75	
61.94	45.75	
62.17	45.75	
62.40	45.75	
62.63	45.75	
62.86	45.75	
63.09	45.75	
63.32	45.75	
63.55	45.75	
63.78	45.75	
64.00	45.75	
64.23	45.75	
64.46	45.75	
64.69	45.75	
64.92	45.75	
65.15	45.75	
65.38	45.75	
65.61	45.75	
65.84	45.75	
66.07	45.75	
66.29	45.75	
66.53	45.75	
66.75	45.75	
66.98	45.75	
67.21	45.75	
67.44	45.75	
67.68	45.75	
67.90	45.75	
68.13	45.75	
68.36	45.75	
68.59	45.75	
68.82	45.75	
69.05	45.75	
69.28	45.75	
69.51	45.75	
69.74	45.75	
69.97	45.75	
70.20	45.75	
70.43	45.75	
70.65	45.50	
70.88	45.25	
71.11	44.75	
71.34	43.75	
71.57	42.75	
71.80	41.50	
72.03	40.25	
72.26	39.25	
72.49	38.00	
72.72	37.00	
72.94	36.00	
73.17	35.25	
73.40	34.25	
73.63	33.50	
73.86	33.00	
74.09	32.25	
74.32	31.50	
74.55	31.00	
74.78	30.50	
75.01	29.75	
75.24	29.25	
75.46	28.75	
75.69	28.25	
75.92	27.75	
76.16	27.25	
76.39	27.00	
76.62	26.50	
76.85	26.00	
77.07	25.50	
77.30	25.00	
77.53	24.75	
77.76	24.25	
77.99	24.00	
78.22	23.50	
78.45	23.00	
78.68	22.75	
78.91	22.50	
79.14	22.00	
79.37	21.75	
79.60	21.50	
79.82	21.25	
80.06	21.00	
80.28	20.75	
80.51	20.25	
80.74	20.00	
80.97	19.75	
81.20	19.50	
81.43	19.25	
81.66	19.00	
81.89	18.75	
82.12	18.75	
82.35	18.50	
82.58	18.25	
82.81	18.00	
83.04	17.75	
83.26	17.50	
83.49	17.50	
83.72	17.25	
83.95	17.00	
84.18	17.00	
84.41	16.75	
84.65	16.50	
84.88	16.50	
85.11	16.25	
85.33	16.00	
85.56	16.00	
85.79	15.75	
86.02	15.75	
86.25	15.50	
86.48	15.50	
86.71	15.25	
86.94	15.25	
87.17	15.00	
87.40	15.00	
87.63	14.75	
87.86	14.75	
88.09	14.75	
88.32	14.50	
88.55	14.50	
88.78	14.25	
89.00	14.25	
89.24	14.25	
89.46	14.00	
89.69	14.00	
89.92	14.00	
90.15	14.00	
90.38	13.75	
90.61	13.75	
90.84	13.75	
91.07	13.50	
91.30	13.50	
91.53	13.50	
91.76	13.25	
91.99	13.25	
92.22	13.25	
92.45	13.25	
92.68	13.00	
92.91	13.00	
93.14	13.00	
93.37	13.00	
93.60	13.00	
93.83	13.00	
94.06	12.75	
94.29	12.75	
94.52	12.75	
94.75	12.75	
94.97	12.75	
95.21	12.50	
95.43	12.50	
95.66	12.50	
95.89	12.50	
96.12	12.50	
96.35	12.50	
96.58	12.25	
96.81	12.25	
97.04	12.25	
97.27	12.25	
97.50	12.25	
97.73	12.25	
97.96	12.25	
98.19	12.25	
98.42	12.00	
98.64	12.00	
98.88	12.00	
99.11	12.00	
99.33	12.00	
99.56	12.00	
99.79	12.00	
100.02	12.00	
100.25	12.00	
100.48	11.75	
100.71	11.75	
100.94	11.75	
101.18	11.75	
101.40	11.75	
101.63	11.75	
101.86	11.75	
102.09	11.75	
102.32	11.75	
102.55	11.75	
102.78	11.75	
103.01	11.75	
103.24	11.75	
103.47	11.75	
103.70	11.75	
103.93	11.50	
104.16	11.50	
104.39	11.50	
104.62	11.50	
104.85	11.50	
105.08	11.50	
105.31	11.50	
105.54	11.50	
105.76	11.50	
106.00	11.50	
106.22	11.50	
106.45	11.50	
106.68	11.50	
106.91	11.50	
107.14	11.50	
107.37	11.50	
107.60	11.50	
107.83	11.50	
108.06	11.25	
108.29	11.25	
108.52	11.25	
108.75	11.25	
108.98	11.25	
109.21	11.25	
109.44	11.25	
109.67	11.25	
109.90	11.25	
110.13	11.25	
110.36	11.25	
110.59	11.25	
110.82	11.25	
111.05	11.25	
111.28	11.25	
111.51	11.25	
111.74	11.25	
111.97	11.25	
112.20	11.25	
112.43	11.25	
112.65	11.25	
112.88	11.25	
113.11	11.25	
113.34	11.25	
113.57	11.25	
113.80	11.25	
114.03	11.25	
114.26	11.25	
114.49	11.25	
114.72	11.25	
114.95	11.00	
115.18	11.00	
115.41	11.00	
115.64	11.00	
115.87	11.00	
116.10	11.00	
116.33	11.00	
116.56	11.00	
116.79	11.00	
117.02	11.25	
117.25	11.25	
117.48	11.25	
117.71	11.25	
117.94	11.25	
118.17	11.50	
118.40	12.00	
118.63	12.25	
118.86	12.75	
119.08	13.00	
119.32	13.50	
119.54	13.75	
119.77	14.25	
120.00	14.75	
120.23	15.00	
120.46	15.25	
120.69	15.75	
120.92	16.00	
121.15	16.25	
121.38	16.75	
121.61	17.00	
121.84	17.25	
122.07	17.50	
122.30	17.75	
122.53	18.00	
122.76	18.25	
122.99	18.50	
123.21	18.75	
123.44	19.00	
123.67	19.25	
123.90	19.50	
124.13	19.50	
124.36	19.75	
124.59	20.00	
124.82	20.25	
125.05	20.25	
125.28	20.50	
125.51	20.75	
125.74	20.75	
125.97	21.00	
126.20	21.25	
126.43	21.25	
126.66	21.50	
126.89	21.75	
127.12	21.75	
127.35	22.00	
127.58	22.00	
127.81	22.25	
128.04	22.25	
128.27	22.25	
128.49	22.25	
128.72	22.50	
128.95	22.50	
129.18	22.50	
129.41	22.50	
129.64	22.50	
129.87	22.75	
130.10	22.75	
130.33	22.75	
130.56	22.75	
130.79	22.75	
131.02	23.00	
131.24	23.00	
131.48	23.00	
